[
  {
    "entity": "vga_socket",
    "obb": {
      "center": [
        0.2702276863007314,
        0.2258839217264086,
        0.8351062802884519
      ],
      "extent": [
        0.022978870891035664,
        0.008733689701433633,
        0.006
      ],
      "rotation": [
        [
          0.9637328179094325,
          -0.2668686185967974,
          -0.00044282342113465337
        ],
        [
          0.10213603376444955,
          0.3673060881307579,
          0.9244752393812107
        ],
        [
          -0.24655077832205763,
          -0.8909923557642443,
          0.3812418335892202
        ]
      ]
    }
  },
  {
    "entity": "ethernet_socket",
    "obb": {
      "center": [
        0.2203553088751662,
        0.22669802456731955,
        0.8350389613008271
      ],
      "extent": [
        0.008335552956688853,
        0.00756539427783098,
        0.003
      ],
      "rotation": [
        [
          0.9250239793659194,
          -0.3398197180777344,
          -0.16986228776160914
        ],
        [
          0.2273061063536254,
          0.13680214270523058,
          0.9641665352861051
        ],
        [
          -0.3044052752703094,
          -0.9304879004892146,
          0.20378835940941328
        ]
      ]
    }
  },
  {
    "entity": "power_socket",
    "obb": {
      "center": [
        0.3303155684237431,
        0.2267467090736456,
        0.835034011343837
      ],
      "extent": [
        0.014108329983087057,
        0.011179841050579745,
        0.005306808003987531
      ],
      "rotation": [
        [
          0.918127867693505,
          -0.3823759645643594,
          -0.10406651857371577
        ],
        [
          0.1754420262644064,
          0.15673720858985968,
          0.97193289010286
        ],
        [
          -0.3553326807159976,
          -0.9106163128161795,
          0.210989613128818
        ]
      ]
    }
  }
]
