[
  {
    "entity": "power_socket",
    "obb": {
      "center": [
        0.2708955588204567,
        0.20727058934281192,
        0.5402578749033937
      ],
      "extent": [
        0.029682441599668482,
        0.018031076027311452,
        0.006
      ],
      "rotation": [
        [
          0.4142204206242773,
          0.9000349157117599,
          -0.13549388781628563
        ],
        [
          0.029719786818597417,
          0.13541137480578777,
          0.9903436241238006
        ],
        [
          0.9096912538788097,
          -0.4142474020027365,
          0.029341310804726416
        ]
      ]
    }
  },
  {
    "entity": "ethernet_socket",
    "obb": {
      "center": [
        0.28196334499701864,
        0.2246744750301212,
        0.849515487267156
      ],
      "extent": [
        0.022527307002642962,
        0.017686075307721913,
        0.006
      ],
      "rotation": [
        [
          0.2078100380505025,
          0.9689848272654942,
          -0.13372880247990407
        ],
        [
          0.03200445636371177,
          0.12990472763508829,
          0.9910098266459909
        ],
        [
          0.9776454893364521,
          -0.21022170740347185,
          -0.004016326228456976
        ]
      ]
    }
  },
  {
    "entity": "vga_socket",
    "obb": {
      "center": [
        0.27051941672259117,
        0.22599586242882547,
        0.834706282936487
      ],
      "extent": [
        0.035135249434483054,
        0.01170730746613868,
        0.006
      ],
      "rotation": [
        [
          0.2987714156251655,
          0.9450686888488344,
          -0.13259266405378384
        ],
        [
          0.04332578304490691,
          0.1253629846413015,
          0.9911644659708955
        ],
        [
          0.9533407143856382,
          -0.30187629160834717,
          -0.0034909645872837933
        ]
      ]
    }
  }
]