{
  "fl_x": 1477.00974684544,
  "fl_y": 1480.4424455584467,
  "cx": 1298.2501500778505,
  "cy": 686.8201623541711,
  "w": 2560,
  "h": 1440,
  "frames": [
    {
      "file_path": "/content/project/Data/frame_000319.png",
      "transform_matrix": [
        [
          0.40236568450927734,
          0.22326384484767914,
          -0.8878373503684998,
          1.408584475517273
        ],
        [
          0.9154790043830872,
          -0.09812755137681961,
          0.39021676778793335,
          -0.411735862493515
        ],
        [
          -1.1102230246251565e-16,
          -0.9698063135147095,
          -0.24387653172016144,
          0.8264196515083313
        ],
        [
          0.0,
          0.0,
          0.0,
          1.0
        ]
      ]
    },
    {
      "file_path": "/content/project/Data/frame_000333.png",
      "transform_matrix": [
        [
          0.5797210931777954,
          0.1987142562866211,
          -0.7902126908302307,
          0.9934908151626587
        ],
        [
          0.8148149847984314,
          -0.14138036966323853,
          0.562217116355896,
          -0.4977245032787323
        ],
        [
          -1.1102230246251565e-16,
          -0.9698063135147095,
          -0.24387653172016144,
          0.8264196515083313
        ],
        [
          0.0,
          0.0,
          0.0,
          1.0
        ]
      ]
    },
    {
      "file_path": "/content/project/Data/frame_000353.png",
      "transform_matrix": [
        [
          0.7621808648109436,
          0.15787692368030548,
          -0.6278178095817566,
          0.7021264433860779
        ],
        [
          0.6473641395568848,
          -0.18587802350521088,
          0.7391678094863892,
          -0.1754646599292755
        ],
        [
          -5.551115123125783e-17,
          -0.9698063135147095,
          -0.24387653172016144,
          0.8264196515083313
        ],
        [
          0.0,
          0.0,
          0.0,
          1.0
        ]
      ]
    },
    {
      "file_path": "/content/project/Data/frame_000359.png",
      "transform_matrix": [
        [
          0.8670615553855896,
          0.12149954587221146,
          -0.48315852880477905,
          0.37824347615242004
        ],
        [
          0.49820107221603394,
          -0.21145595610141754,
          0.8408817052841187,
          -0.4008249342441559
        ],
        [
          -1.1102230246251565e-16,
          -0.9698063135147095,
          -0.24387653172016144,
          0.8264196515083313
        ],
        [
          0.0,
          0.0,
          0.0,
          1.0
        ]
      ]
    },
    {
      "file_path": "/content/project/Data/frame_000365.png",
      "transform_matrix": [
        [
          0.8722479343414307,
          0.11927121132612228,
          -0.47429725527763367,
          0.44250956177711487
        ],
        [
          0.48906391859054565,
          -0.2127208113670349,
          0.8459115624427795,
          -0.2114841789007187
        ],
        [
          -2.7755575615628914e-17,
          -0.9698063135147095,
          -0.24387653172016144,
          0.8264196515083313
        ],
        [
          0.0,
          0.0,
          0.0,
          1.0
        ]
      ]
    },
    {
      "file_path": "/content/project/Data/frame_000371.png",
      "transform_matrix": [
        [
          0.8722479343414307,
          0.11927121132612228,
          -0.47429725527763367,
          0.37697499990463257
        ],
        [
          0.48906391859054565,
          -0.2127208113670349,
          0.8459115624427795,
          -0.09460294991731644
        ],
        [
          -2.7755575615628914e-17,
          -0.9698063135147095,
          -0.24387653172016144,
          0.8264196515083313
        ],
        [
          0.0,
          0.0,
          0.0,
          1.0
        ]
      ]
    },
    {
      "file_path": "/content/project/Data/frame_000390.png",
      "transform_matrix": [
        [
          0.8722479343414307,
          0.11927121132612228,
          -0.47429725527763367,
          0.3847011923789978
        ],
        [
          0.48906391859054565,
          -0.2127208113670349,
          0.8459115624427795,
          0.025751134380698204
        ],
        [
          -2.7755575615628914e-17,
          -0.9698063135147095,
          -0.24387653172016144,
          0.898219645023346
        ],
        [
          0.0,
          0.0,
          0.0,
          1.0
        ]
      ]
    },
    {
      "file_path": "/content/project/Data/frame_000400.png",
      "transform_matrix": [
        [
          0.8722479343414307,
          0.11927121132612228,
          -0.47429725527763367,
          0.40093812346458435
        ],
        [
          0.48906391859054565,
          -0.2127208113670349,
          0.8459115624427795,
          -0.0032074975315481424
        ],
        [
          -2.7755575615628914e-17,
          -0.9698063135147095,
          -0.24387653172016144,
          0.6300196051597595
        ],
        [
          0.0,
          0.0,
          0.0,
          1.0
        ]
      ]
    },
    {
      "file_path": "/content/project/Data/frame_000426.png",
      "transform_matrix": [
        [
          0.9169692993164062,
          0.09729644656181335,
          -0.3869118094444275,
          0.4975709319114685
        ],
        [
          0.3989578187465668,
          -0.22362728416919708,
          0.8892825841903687,
          -0.6571781635284424
        ],
        [
          -1.3877787807814457e-16,
          -0.9698063135147095,
          -0.24387653172016144,
          0.8652196526527405
        ],
        [
          0.0,
          0.0,
          0.0,
          1.0
        ]
      ]
    },
    {
      "file_path": "/content/project/Data/frame_000449.png",
      "transform_matrix": [
        [
          0.9890298247337341,
          0.03602443262934685,
          -0.14325577020645142,
          0.209763303399086
        ],
        [
          0.14771586656570435,
          -0.24120116233825684,
          0.9591673612594604,
          -0.5830942392349243
        ],
        [
          1.3877787807814457e-17,
          -0.9698063135147095,
          -0.24387653172016144,
          0.8652196526527405
        ],
        [
          0.0,
          0.0,
          0.0,
          1.0
        ]
      ]
    },
    {
      "file_path": "/content/project/Data/frame_000461.png",
      "transform_matrix": [
        [
          0.9952598214149475,
          -0.023717379197478294,
          0.09431520104408264,
          -0.13419876992702484
        ],
        [
          -0.09725158661603928,
          -0.24272051453590393,
          0.9652092456817627,
          -0.5664372444152832
        ],
        [
          3.469446951953614e-17,
          -0.9698063135147095,
          -0.24387653172016144,
          0.8652196526527405
        ],
        [
          0.0,
          0.0,
          0.0,
          1.0
        ]
      ]
    },
    {
      "file_path": "/content/project/Data/frame_000468.png",
      "transform_matrix": [
        [
          0.9815841317176819,
          -0.04658782482147217,
          0.18526245653629303,
          0.027661900967359543
        ],
        [
          -0.1910303682088852,
          -0.23938533663749695,
          0.9519464373588562,
          -0.36571359634399414
        ],
        [
          2.7755575615628914e-17,
          -0.9698063135147095,
          -0.24387653172016144,
          0.8652196526527405
        ],
        [
          0.0,
          0.0,
          0.0,
          1.0
        ]
      ]
    },
    {
      "file_path": "/content/project/Data/frame_000471.png",
      "transform_matrix": [
        [
          0.9802507162094116,
          -0.04822871461510658,
          0.19178766012191772,
          0.18941399455070496
        ],
        [
          -0.1977587342262268,
          -0.2390601485967636,
          0.9506533145904541,
          -0.39846688508987427
        ],
        [
          8.326672684688674e-17,
          -0.9698063135147095,
          -0.24387653172016144,
          0.8652196526527405
        ],
        [
          0.0,
          0.0,
          0.0,
          1.0
        ]
      ]
    },
    {
      "file_path": "/content/project/Data/frame_000496.png",
      "transform_matrix": [
        [
          0.8583253622055054,
          -0.1251344531774521,
          0.49761322140693665,
          -0.1765338033437729
        ],
        [
          -0.5131057500839233,
          -0.2093254178762436,
          0.8324093818664551,
          -0.17541489005088806
        ],
        [
          -5.551115123125783e-17,
          -0.9698063135147095,
          -0.24387653172016144,
          0.8652196526527405
        ],
        [
          0.0,
          0.0,
          0.0,
          1.0
        ]
      ]
    },
    {
      "file_path": "/content/project/Data/frame_000515.png",
      "transform_matrix": [
        [
          0.8583253622055054,
          -0.1251344531774521,
          0.49761322140693665,
          0.20838268101215363
        ],
        [
          -0.5131057500839233,
          -0.2093254178762436,
          0.8324093818664551,
          0.03347691148519516
        ],
        [
          -5.551115123125783e-17,
          -0.9698063135147095,
          -0.24387653172016144,
          0.8652196526527405
        ],
        [
          0.0,
          0.0,
          0.0,
          1.0
        ]
      ]
    },
    {
      "file_path": "/content/project/Data/frame_000531.png",
      "transform_matrix": [
        [
          0.8583253622055054,
          -0.1251344531774521,
          0.49761322140693665,
          0.19083446264266968
        ],
        [
          -0.5131057500839233,
          -0.2093254178762436,
          0.8324093818664551,
          0.004122183192521334
        ],
        [
          -5.551115123125783e-17,
          -0.9698063135147095,
          -0.24387653172016144,
          0.6834196448326111
        ],
        [
          0.0,
          0.0,
          0.0,
          1.0
        ]
      ]
    }
  ]
}